0 0 0 0 0 0 0 0 0 0 0 0 0 0 0 0 0 0 0 0
5 5 5 5 5 5 5 5 5 5 5 5 5 5 5 5 5 5 2 0
0 0 0 0 0 0 0 0 0 0 0 0 0 0 0 0 0 0 6 0
0 1 5 5 5 5 5 5 5 5 5 5 5 5 5 5 2 0 6 0
0 6 0 0 0 0 0 0 0 0 0 0 0 0 0 0 6 0 6 0
0 6 0 1 5 5 5 5 5 5 5 5 5 5 2 0 6 0 6 0
0 6 0 6 0 0 0 0 0 0 0 0 0 0 6 0 6 0 6 0
0 6 0 6 0 1 5 5 5 5 5 5 5 5 4 0 6 0 6 0
0 6 0 6 0 6 0 0 0 0 0 0 0 0 0 0 6 0 6 0
0 6 0 6 0 3 5 5 5 5 5 5 5 5 5 5 4 0 6 0
0 6 0 6 0 0 0 0 0 0 0 0 0 0 0 0 0 0 6 0
0 6 0 3 5 5 5 5 5 5 5 5 5 5 5 5 5 5 4 0
0 6 0 0 0 0 0 0 0 0 0 0 0 0 0 0 0 0 0 0
0 3 5 5 5 5 5 5 5 5 5 5 5 5 5 5 5 5 5 5
0 0 0 0 0 0 0 0 0 0 0 0 0 0 0 0 0 0 0 0