private int[][] grid ={
            { 2, 2, 2, 2, 2, 2, 2, 2, 2, 2, 2, 3},
            { 5, 5, 5, 5, 5, 5, 5, 5, 5, 5, 5, 6},
            { 8, 8, 8, 8, 8, 8, 8, 8, 8,20, 5, 6},
            { 1, 2, 2, 2, 2, 2, 2, 2, 2,40, 5, 6},
            { 4, 5, 5, 5, 5, 5, 5, 5, 5, 5, 5, 6},
            { 4, 5,10, 8, 8, 8, 8, 8, 8, 8, 8, 9},
            { 4, 5,30, 2, 2, 2, 2, 2, 2, 2, 2, 3},
            { 4, 5, 5, 5, 5, 5, 5, 5, 5, 5, 5, 6},
            { 7, 8, 8, 8, 8, 8, 8, 8, 8,20, 5, 6},
            { 2, 2, 2, 2, 2, 2, 2, 2, 2,40, 5, 6},
            { 5, 5, 5, 5, 5, 5, 5, 5, 5, 5, 5, 6},
            { 8, 8, 8, 8, 8, 8, 8, 8, 8, 8, 8, 9}
    };

private int[][] grid ={
            { 0, 0, 0, 0, 0, 0, 0, 0, 0, 0, 0, 0},
            { 5, 5, 5, 5, 5, 5, 5, 5, 5, 5, 5, 0},
            { 0, 0, 0, 0, 0, 0, 0, 0, 0, 0, 5, 0},
            { 0, 0, 0, 0, 0, 0, 0, 0, 0, 0, 5, 0},
            { 0, 5, 5, 5, 5, 5, 5, 5, 5, 5, 5, 0},
            { 0, 5, 0, 0, 0, 0, 0, 0, 0, 0, 0, 0},
            { 0, 5, 0, 0, 0, 0, 0, 0, 0, 0, 0, 0},
            { 0, 5, 5, 5, 5, 5, 5, 5, 5, 5, 5, 0},
            { 0, 0, 0, 0, 0, 0, 0, 0, 0, 0, 5, 0},
            { 0, 0, 0, 0, 0, 0, 0, 0, 0, 0, 5, 0},
            { 5, 5, 5, 5, 5, 5, 5, 5, 5, 5, 5, 0},
            { 0, 0, 0, 0, 0, 0, 0, 0, 0, 0, 0, 0}
    };
